ts_ms,year,mon,day,hr,min,sec,lat,lon,speed,alt,temp_c,pressure_pa,humidity_pct,voc_ohm,noise_energy,sweat_level,accel_freq,accel_ampl,accel_energy,accel_dir
241470,2025,5,22,20,16,57,45.79206,15.95857,0.00,186.70,2877,99379,34744,510939,77,4095,249.76,191262.11,695105390592,0
242480,2025,5,22,20,16,58,45.79206,15.95857,0.00,186.70,2879,99377,34734,510550,48,4095,249.76,191262.11,695105390592,0
243480,2025,5,22,20,16,59,45.79206,15.95857,0.00,186.70,2879,99373,34712,511721,891,4095,249.76,191262.11,695105390592,0
244470,2025,5,22,20,17,0,45.79206,15.95857,0.00,186.70,2880,99373,34689,512112,38,4095,249.76,191262.11,695105390592,0
245470,2025,5,22,20,17,1,45.79206,15.95857,0.00,186.70,2880,99373,34689,512112,47,4095,249.76,191262.11,695105390592,0
246480,2025,5,22,20,17,2,45.79206,15.95857,0.00,186.70,2878,99373,34666,514079,79,4095,249.76,191262.11,695105390592,0
247490,2025,5,22,20,17,3,45.79206,15.95857,0.00,186.70,2881,99383,34653,516858,88,4095,249.76,191262.11,695105390592,0
248480,2025,5,22,20,17,4,45.79206,15.95857,0.00,186.70,2882,99379,34658,513684,55,4095,244.87,198929.00,714328014848,0
249500,2025,5,22,20,17,5,45.79206,15.95857,0.00,186.70,2881,99381,34693,509384,1943,4095,244.87,198929.00,714328014848,0
250500,2025,5,22,20,17,6,45.79206,15.95857,0.00,186.70,2878,99373,34723,509772,1903,4095,244.87,198929.00,714328014848,0
252480,2025,5,22,20,17,8,45.79206,15.95857,0.00,186.70,2878,99373,34723,509772,241,4095,244.87,198929.00,714328014848,0
253480,2025,5,22,20,17,9,45.79206,15.95857,0.00,186.70,2878,99377,34747,512504,392,4095,244.87,198929.00,714328014848,0
254490,2025,5,22,20,17,10,45.79206,15.95857,0.00,186.70,2877,99373,34760,509384,17910,4095,244.87,198929.00,714328014848,0
255490,2025,5,22,20,17,11,45.79206,15.95857,0.00,186.70,2881,99379,34762,512897,3350,4095,244.87,198929.00,714328014848,0
256500,2025,5,22,20,17,12,45.79206,15.95857,0.00,186.70,2882,99375,34762,511330,5718,4095,244.87,198929.00,714328014848,0
257480,2025,5,22,20,17,13,45.79206,15.95857,0.00,186.70,2879,99372,34791,509772,2823,4095,244.87,198929.00,714328014848,0
258470,2025,5,22,20,17,14,45.79206,15.95857,0.00,186.70,2879,99372,34791,509772,12228,4095,244.87,198929.00,714328014848,0
259470,2025,5,22,20,17,15,45.79206,15.95857,0.62,186.70,2873,99372,34874,510939,3676,4095,244.87,198929.00,714328014848,0
260490,2025,5,22,20,17,16,45.79206,15.95858,1.19,185.40,2867,99370,34958,506685,591,4095,244.63,227711.89,748226551808,0
261480,2025,5,22,20,17,17,45.79207,15.95856,1.01,185.30,2859,99377,35090,502878,3531,4095,244.63,227711.89,748226551808,0
262470,2025,5,22,20,17,18,45.79208,15.95856,1.25,185.20,2856,99375,35142,505919,17653,4095,244.63,227711.89,748226551808,0
263460,2025,5,22,20,17,19,45.79208,15.95857,1.07,185.10,2854,99377,35146,504774,21155,4095,244.63,227711.89,748226551808,0
264450,2025,5,22,20,17,20,45.79207,15.95857,1.04,185.00,2854,99377,35146,504774,8299,4095,244.63,227711.89,748226551808,0
265450,2025,5,22,20,17,21,45.79207,15.95857,0.69,184.90,2844,99372,35144,506685,5329,4095,244.63,227711.89,748226551808,0
266460,2025,5,22,20,17,22,45.79206,15.95856,0.99,184.80,2843,99373,35259,506302,6778,4095,244.63,227711.89,748226551808,0
267470,2025,5,22,20,17,23,45.79206,15.95855,0.81,184.70,2842,99368,35359,504394,8674,4095,244.63,227711.89,748226551808,0
268470,2025,5,22,20,17,24,45.79207,15.95855,0.00,184.60,2838,99375,35371,505919,10703,4095,244.63,227711.89,748226551808,0
269460,2025,5,22,20,17,25,45.79210,15.95856,1.37,184.50,2833,99375,35339,509772,12994,4095,244.63,227711.89,748226551808,0
270460,2025,5,22,20,17,26,45.79217,15.95855,2.05,184.20,2833,99375,35339,509772,2060,4095,244.63,227711.89,748226551808,0
271510,2025,5,22,20,17,27,45.79221,15.95856,1.22,184.10,2832,99370,35318,507453,1056,4095,244.63,227711.89,748226551808,0
272490,2025,5,22,20,17,28,45.79222,15.95856,0.52,184.10,2831,99373,35310,509384,6471,4095,246.09,204085.12,680543111168,0
273480,2025,5,22,20,17,29,45.79222,15.95856,0.53,184.00,2826,99377,35361,514474,4150,4095,246.09,204085.12,680543111168,0
275470,2025,5,22,20,17,31,45.79222,15.95856,0.40,184.10,2824,99375,35480,510161,5763,4095,246.09,204085.12,680543111168,0
276470,2025,5,22,20,17,32,45.79222,15.95856,0.44,184.10,2823,99370,35692,514474,12460,4095,246.09,204085.12,680543111168,0
277470,2025,5,22,20,17,33,45.79222,15.95856,0.00,184.10,2823,99370,35692,514474,11593,4095,246.09,204085.12,680543111168,0
278470,2025,5,22,20,17,34,45.79222,15.95856,0.00,184.10,2826,99375,35829,513684,49522742,4095,246.09,204085.12,680543111168,0
279470,2025,5,22,20,17,35,45.79221,15.95856,0.00,184.10,2826,99375,35868,516459,19262,4095,246.09,204085.12,680543111168,0
280470,2025,5,22,20,17,36,45.79221,15.95856,0.00,184.10,2825,99379,35868,516858,11274,4095,246.09,204085.12,680543111168,0
281470,2025,5,22,20,17,37,45.79221,15.95856,0.00,184.10,2826,99377,35863,518058,13216,4095,246.09,204085.12,680543111168,0
282460,2025,5,22,20,17,38,45.79221,15.95856,0.00,184.10,2819,99379,35874,521692,8335,4095,246.09,204085.12,680543111168,0
283460,2025,5,22,20,17,39,45.79221,15.95856,0.00,184.10,2819,99379,35874,521692,3602,4095,246.09,204085.12,680543111168,0
284470,2025,5,22,20,17,40,45.79221,15.95856,0.44,184.10,2816,99379,35896,524965,4389,4095,246.09,204085.12,680543111168,0
285460,2025,5,22,20,17,41,45.79219,15.95857,1.33,184.10,2810,99375,35893,522506,1181,4095,245.12,229968.97,747365599232,0
286470,2025,5,22,20,17,42,45.79219,15.95859,1.98,184.10,2808,99379,35901,520880,12537,4095,245.12,229968.97,747365599232,0
287470,2025,5,22,20,17,43,45.79217,15.95860,1.56,184.10,2804,99375,35889,522506,4232,4095,245.12,229968.97,747365599232,0
288470,2025,5,22,20,17,44,45.79216,15.95861,1.08,184.00,2804,99373,35866,524554,2536,4095,245.12,229968.97,747365599232,0
289470,2025,5,22,20,17,45,45.79216,15.95861,0.88,184.00,2804,99373,35866,524554,9546,4095,245.12,229968.97,747365599232,0
290460,2025,5,22,20,17,46,45.79216,15.95862,0.58,184.00,2804,99373,35866,524143,10718,5167,245.12,229968.97,747365599232,0
291460,2025,5,22,20,17,47,45.79217,15.95863,1.01,184.00,2798,99375,35940,522506,6312,5167,245.12,229968.97,747365599232,0
292450,2025,5,22,20,17,48,45.79219,15.95864,2.20,184.00,2794,99375,36008,524554,6238,5167,245.12,229968.97,747365599232,0
293510,2025,5,22,20,17,49,45.79222,15.95864,2.67,184.00,2797,99375,36046,519667,26928,5167,245.12,229968.97,747365599232,0
294460,2025,5,22,20,17,50,45.79222,15.95864,1.71,184.00,2789,99370,36115,520070,3499,4095,245.12,229968.97,747365599232,0
295480,2025,5,22,20,17,51,45.79223,15.95866,1.41,184.00,2789,99370,36115,520070,6320,4095,245.12,229968.97,747365599232,0
296470,2025,5,22,20,17,52,45.79224,15.95866,1.19,184.10,2782,99379,36305,518861,5305,4095,245.12,229968.97,747365599232,0
298460,2025,5,22,20,17,54,45.79222,15.95864,0.05,184.20,2779,99383,36548,520475,2242,4095,247.31,197185.34,733502720000,0
299470,2025,5,22,20,17,55,45.79222,15.95864,0.04,184.20,2786,99379,36661,524554,10029,4095,247.31,197185.34,733502720000,0
300460,2025,5,22,20,17,56,45.79221,15.95864,0.00,184.20,2785,99372,36708,531215,4366,4095,247.31,197185.34,733502720000,0
301460,2025,5,22,20,17,57,45.79221,15.95864,0.00,184.10,2777,99370,36769,526203,9143,4095,247.31,197185.34,733502720000,0
302460,2025,5,22,20,17,58,45.79220,15.95863,0.00,184.20,2777,99370,36769,526203,9399,4095,247.31,197185.34,733502720000,0
303470,2025,5,22,20,17,59,45.79218,15.95861,2.07,184.20,2765,99375,36805,531637,9624,4095,247.31,197185.34,733502720000,0
304460,2025,5,22,20,18,0,45.79216,15.95860,2.37,184.20,2757,99385,36782,532483,4369,4095,247.31,197185.34,733502720000,0
305470,2025,5,22,20,18,1,45.79214,15.95859,2.33,184.20,2756,99377,36754,531215,2161,4092,247.31,197185.34,733502720000,0
306470,2025,5,22,20,18,2,45.79212,15.95859,1.92,184.20,2749,99373,36729,532483,15910,4091,247.31,197185.34,733502720000,0
307470,2025,5,22,20,18,3,45.79211,15.95858,1.59,184.10,2743,99368,36799,529953,6218,4090,247.31,197185.34,733502720000,0
308480,2025,5,22,20,18,4,45.79209,15.95857,1.62,184.10,2743,99368,36799,529953,16425,4083,247.31,197185.34,733502720000,0
309480,2025,5,22,20,18,5,45.79207,15.95856,1.97,184.10,2733,99372,36906,540655,4028,4077,247.31,197185.34,733502720000,0
310470,2025,5,22,20,18,6,45.79207,15.95856,0.05,184.10,2733,99370,36981,538047,4649,4080,5.13,104029.68,751675318272,0
311480,2025,5,22,20,18,7,45.79207,15.95856,0.05,184.10,2734,99370,37037,543729,3399,4077,5.13,104029.68,751675318272,0
312480,2025,5,22,20,18,8,45.79208,15.95855,0.07,184.00,2731,99377,37058,544614,10324,4077,5.13,104029.68,751675318272,0
313470,2025,5,22,20,18,9,45.79207,15.95854,0.00,184.10,2729,99377,37086,546392,27096,4081,5.13,104029.68,751675318272,0
314480,2025,5,22,20,18,10,45.79207,15.95854,0.00,184.10,2729,99377,37086,546392,12050,4087,5.13,104029.68,751675318272,0
315470,2025,5,22,20,18,11,45.79206,15.95853,0.00,184.10,2727,99373,37135,549533,7788,4080,5.13,104029.68,751675318272,0
316470,2025,5,22,20,18,12,45.79206,15.95853,0.00,184.10,2726,99373,37173,549984,10384,4052,5.13,104029.68,751675318272,0
317470,2025,5,22,20,18,13,45.79208,15.95851,0.07,184.10,2728,99373,37222,542407,2540,4014,5.13,104029.68,751675318272,0
318490,2025,5,22,20,18,14,45.79209,15.95850,0.08,184.10,2727,99377,37269,545502,8462,3977,5.13,104029.68,751675318272,0
319500,2025,5,22,20,18,15,45.79210,15.95849,0.07,184.20,2727,99372,37338,547286,10378,3925,5.13,104029.68,751675318272,0
320490,2025,5,22,20,18,16,45.79210,15.95849,0.71,184.30,2727,99372,37338,547286,3443,3884,5.13,104029.68,751675318272,0
322470,2025,5,22,20,18,18,45.79210,15.95845,1.50,184.30,2722,99379,37397,548182,1067,3868,244.87,106990.25,694501836800,0
323480,2025,5,22,20,18,19,45.79210,15.95842,2.21,184.40,2714,99377,37450,546839,7532,3854,244.87,106990.25,694501836800,0
324480,2025,5,22,20,18,20,45.79210,15.95840,1.98,184.40,2712,99375,37580,551798,2192,3840,244.87,106990.25,694501836800,0
325470,2025,5,22,20,18,21,45.79209,15.95840,0.78,184.50,2707,99377,37699,547734,15893,3862,244.87,106990.25,694501836800,0
326480,2025,5,22,20,18,22,45.79210,15.95840,0.00,184.50,2709,99379,37778,553623,3742,3884,244.87,106990.25,694501836800,0
327470,2025,5,22,20,18,23,45.79210,15.95841,0.00,184.50,2709,99379,37778,553623,8334,3891,244.87,106990.25,694501836800,0
328480,2025,5,22,20,18,24,45.79211,15.95840,0.00,184.50,2711,99383,37815,558707,4560,3878,244.87,106990.25,694501836800,0
329480,2025,5,22,20,18,25,45.79211,15.95840,0.00,184.50,2710,99387,37843,556847,16080,3855,244.87,106990.25,694501836800,0
330480,2025,5,22,20,18,26,45.79211,15.95840,0.00,184.50,2710,99385,37877,555461,15243,3793,244.87,106990.25,694501836800,0
331480,2025,5,22,20,18,27,45.79211,15.95840,0.00,184.50,2709,99385,38010,555922,20687,3752,244.87,106990.25,694501836800,0
332470,2025,5,22,20,18,28,45.79211,15.95840,0.00,184.50,2703,99379,38148,553166,5101,3705,244.87,106990.25,694501836800,0
333470,2025,5,22,20,18,29,45.79211,15.95840,0.42,184.50,2703,99379,38148,553166,1637,3691,244.87,106990.25,694501836800,0
334480,2025,5,22,20,18,30,45.79210,15.95839,1.07,184.40,2697,99381,38336,553166,1027,3679,248.54,99907.12,693521620992,0
335470,2025,5,22,20,18,31,45.79208,15.95839,1.32,184.40,2689,99377,38532,555461,5750,3712,248.54,99907.12,693521620992,0
336470,2025,5,22,20,18,32,45.79206,15.95839,1.54,184.50,2683,99381,38657,557311,6418,3740,248.54,99907.12,693521620992,0
337480,2025,5,22,20,18,33,45.79205,15.95840,1.54,184.50,2678,99377,38627,560578,10706,3765,248.54,99907.12,693521620992,0
338480,2025,5,22,20,18,34,45.79203,15.95839,1.44,184.50,2673,99381,38601,561048,8340,3783,248.54,99907.12,693521620992,0
339470,2025,5,22,20,18,35,45.79203,15.95841,1.17,184.50,2673,99381,38601,561048,5025,3826,248.54,99907.12,693521620992,0
340470,2025,5,22,20,18,36,45.79203,15.95842,1.08,184.50,2667,99383,38636,565791,7031,3840,248.54,99907.12,693521620992,0
341480,2025,5,22,20,18,37,45.79203,15.95843,1.05,184.60,2665,99375,38643,558707,3072,3861,248.54,99907.12,693521620992,0
342470,2025,5,22,20,18,38,45.79203,15.95844,0.85,184.60,2665,99379,38648,562463,7083,3904,248.54,99907.12,693521620992,0
343510,2025,5,22,20,18,39,45.79203,15.95845,0.76,184.50,2659,99375,38685,562463,12696,3926,248.54,99907.12,693521620992,0
344500,2025,5,22,20,18,40,45.79203,15.95846,0.72,184.50,2660,99373,38724,558707,6245,3897,248.54,99907.12,693521620992,0
346470,2025,5,22,20,18,42,45.79203,15.95847,0.42,184.40,2660,99373,38724,558707,2072,3880,248.54,99907.12,693521620992,0
347470,2025,5,22,20,18,43,45.79206,15.95848,0.00,184.40,2657,99381,38804,556385,1346,3866,245.12,87368.68,675475294208,0
348470,2025,5,22,20,18,44,45.79206,15.95848,0.00,184.40,2653,99381,39043,551798,3076,3839,245.12,87368.68,675475294208,0
349480,2025,5,22,20,18,45,45.79211,15.95848,0.80,184.30,2653,99377,39130,557776,6888,3819,245.12,87368.68,675475294208,0
350470,2025,5,22,20,18,46,45.79212,15.95847,1.87,184.30,2650,99377,39168,558707,6885,3790,245.12,87368.68,675475294208,0
351480,2025,5,22,20,18,47,45.79214,15.95847,1.68,184.20,2652,99383,39149,557311,5319,3770,245.12,87368.68,675475294208,0
352480,2025,5,22,20,18,48,45.79215,15.95846,1.46,184.20,2652,99383,39149,557311,9405,3751,245.12,87368.68,675475294208,0
353480,2025,5,22,20,18,49,45.79216,15.95846,1.36,184.20,2651,99379,39174,554082,19712,3752,245.12,87368.68,675475294208,0
354480,2025,5,22,20,18,50,45.79216,15.95845,1.25,184.10,2642,99381,39278,554541,17347,3751,245.12,87368.68,675475294208,0
355470,2025,5,22,20,18,51,45.79216,15.95844,1.21,184.10,2633,99379,39390,557776,10576,3740,245.12,87368.68,675475294208,0
356480,2025,5,22,20,18,52,45.79215,15.95842,1.94,184.10,2633,99379,39477,556847,9217,3735,245.12,87368.68,675475294208,0
357470,2025,5,22,20,18,53,45.79212,15.95841,2.63,184.00,2629,99377,39490,562463,4131,3737,245.12,87368.68,675475294208,0
358470,2025,5,22,20,18,54,45.79211,15.95844,2.98,183.90,2629,99377,39490,562463,2238,3731,245.12,87368.68,675475294208,0
359480,2025,5,22,20,18,55,45.79201,15.95843,3.18,183.50,2622,99370,39648,563410,7024,3743,247.56,214852.38,689833183232,0
360480,2025,5,22,20,18,56,45.79197,15.95841,3.46,183.50,2617,99379,39811,563410,6318,3767,247.56,214852.38,689833183232,0
361470,2025,5,22,20,18,57,45.79194,15.95838,2.75,183.50,2617,99383,39887,564836,3405,3794,247.56,214852.38,689833183232,0
362470,2025,5,22,20,18,58,45.79193,15.95837,1.47,183.40,2618,99385,39948,564360,7680,3787,247.56,214852.38,689833183232,0
363480,2025,5,22,20,18,59,45.79191,15.95838,1.44,183.40,2614,99387,40031,567229,12982,3776,247.56,214852.38,689833183232,0
364490,2025,5,22,20,19,0,45.79190,15.95838,1.18,183.30,2614,99387,40031,567229,7580,3765,247.56,214852.38,689833183232,0
365480,2025,5,22,20,19,1,45.79189,15.95838,2.23,183.20,2610,99387,40140,561048,10859,3732,247.56,214852.38,689833183232,0
367360,2025,5,22,20,19,3,0.00000,0.00000,2.22,0.00,2602,99381,40264,565791,4429,3722,247.56,214852.38,689833183232,0
367360,2025,5,22,20,19,3,0.00000,0.00000,2.22,0.00,2599,99377,40423,569159,3655,3727,247.56,214852.38,689833183232,0
368470,2025,5,22,20,19,4,45.79197,15.95830,1.71,182.70,2593,99385,40481,566749,11805,3740,247.56,214852.38,689833183232,0
370470,2025,5,22,20,19,6,45.79194,15.95842,2.10,183.00,2591,99385,40541,565791,7088,3763,247.56,214852.38,689833183232,0
371470,2025,5,22,20,19,7,45.79193,15.95847,2.07,183.00,2591,99385,40541,565791,2351,3789,247.56,214852.38,689833183232,0
372480,2025,5,22,20,19,8,45.79192,15.95852,2.29,183.00,2590,99379,40670,576016,2480,3782,247.31,182313.36,771341617152,0
373480,2025,5,22,20,19,9,45.79192,15.95857,2.38,183.00,2587,99385,40835,568675,7873,3762,247.31,182313.36,771341617152,0
374480,2025,5,22,20,19,10,45.79191,15.95863,2.82,182.80,2579,99375,41034,574040,4896,3742,247.31,182313.36,771341617152,0
375480,2025,5,22,20,19,11,45.79191,15.95869,3.11,182.80,2572,99381,41291,564836,6396,3714,247.31,182313.36,771341617152,0
376480,2025,5,22,20,19,12,45.79191,15.95874,3.48,182.80,2566,99389,41522,574040,11295,3686,247.31,182313.36,771341617152,0
377500,2025,5,22,20,19,13,45.79191,15.95881,3.49,182.70,2566,99389,41522,574040,7831,3689,247.31,182313.36,771341617152,0
378480,2025,5,22,20,19,14,45.79191,15.95886,2.97,182.60,2561,99393,41719,577507,4107,3699,247.31,182313.36,771341617152,0
379490,2025,5,22,20,19,15,45.79192,15.95895,2.82,182.20,2555,99389,41916,567229,4766,3709,247.31,182313.36,771341617152,0
380470,2025,5,22,20,19,16,45.79190,15.95899,1.85,182.10,2553,99381,42088,574533,6959,3730,247.31,182313.36,771341617152,0
381480,2025,5,22,20,19,17,45.79189,15.95902,1.32,182.10,2550,99395,42210,581521,16957,3745,247.31,182313.36,771341617152,0
382480,2025,5,22,20,19,18,45.79189,15.95903,0.79,182.20,2551,99385,42245,570128,1537,3753,247.31,182313.36,771341617152,0
383480,2025,5,22,20,19,19,45.79189,15.95905,1.90,182.30,2551,99385,42245,570128,8237,3766,247.31,182313.36,771341617152,0
384480,2025,5,22,20,19,20,45.79190,15.95908,3.16,182.70,2544,99389,42311,576016,3436,3816,248.29,146942.12,728241047552,0
385490,2025,5,22,20,19,21,45.79190,15.95913,4.03,183.40,2541,99385,42454,578505,6992,4923,248.29,146942.12,728241047552,0
386470,2025,5,22,20,19,22,45.79190,15.95916,3.64,184.10,2533,99385,42499,578006,7712,4940,248.29,146942.12,728241047552,0
387480,2025,5,22,20,19,23,45.79190,15.95920,4.32,184.80,2526,99387,42509,582027,18044,4942,248.29,146942.12,728241047552,0
388490,2025,5,22,20,19,24,45.79191,15.95926,4.44,185.30,2522,99379,42501,585079,10975,4915,248.29,146942.12,728241047552,0
389520,2025,5,22,20,19,25,45.79192,15.95931,4.11,185.70,2522,99379,42501,585079,8337,3796,248.29,146942.12,728241047552,0
390510,2025,5,22,20,19,26,45.79191,15.95933,3.08,186.40,2516,99395,42468,590239,4132,3785,248.29,146942.12,728241047552,0
391500,2025,5,22,20,19,27,45.79189,15.95937,3.42,186.80,2511,99383,42395,592853,46827,3770,248.29,146942.12,728241047552,0
393480,2025,5,22,20,19,29,45.79182,15.95940,4.47,187.50,2507,99393,42296,593905,14207,3762,248.29,146942.12,728241047552,0
394480,2025,5,22,20,19,30,45.79177,15.95942,5.00,187.40,2505,99393,42217,593905,6564,3756,248.29,146942.12,728241047552,0
395490,2025,5,22,20,19,31,45.79173,15.95944,4.86,187.60,2500,99395,42190,595490,6424,3750,248.29,146942.12,728241047552,0
396480,2025,5,22,20,19,32,45.79168,15.95945,4.51,187.90,2500,99395,42190,595490,13471,3745,244.14,131603.09,643939991552,0
397480,2025,5,22,20,19,33,45.79163,15.95946,4.65,188.20,2495,99381,42265,594961,10605,3735,244.14,131603.09,643939991552,0
398480,2025,5,22,20,19,34,45.79154,15.95954,4.74,190.80,2489,99391,42387,594961,12860,3739,244.14,131603.09,643939991552,0
399490,2025,5,22,20,19,35,45.79149,15.95956,4.64,191.00,2486,99391,42589,589200,11207,3745,244.14,131603.09,643939991552,0
400490,2025,5,22,20,19,36,45.79145,15.95961,4.26,191.20,2484,99401,42797,587132,6562,3755,244.14,131603.09,643939991552,0
401490,2025,5,22,20,19,37,45.79142,15.95966,3.59,191.30,2483,99401,42995,591282,2956,3767,244.14,131603.09,643939991552,0
402490,2025,5,22,20,19,38,45.79140,15.95972,4.16,191.40,2483,99401,42995,591282,4005,3777,244.14,131603.09,643939991552,0
403480,2025,5,22,20,19,39,45.79139,15.95979,4.59,191.50,2480,99399,43239,586618,7037,3788,244.14,131603.09,643939991552,0
404490,2025,5,22,20,19,40,45.79138,15.95985,4.24,191.60,2478,99395,43477,586104,2966,3795,244.14,131603.09,643939991552,0
405480,2025,5,22,20,19,41,45.79137,15.95990,3.98,191.40,2475,99403,43627,586104,7927,3796,244.14,131603.09,643939991552,0
406480,2025,5,22,20,19,42,45.79136,15.95996,4.29,191.30,2474,99399,43780,584058,8203,3802,244.14,131603.09,643939991552,0
407490,2025,5,22,20,19,43,45.79140,15.95995,3.98,188.90,2470,99399,43965,583549,3042,3795,244.14,131603.09,643939991552,0
408480,2025,5,22,20,19,44,45.79140,15.96001,4.29,188.60,2470,99399,43965,583549,4526,3779,248.29,122444.64,648596717568,0
409480,2025,5,22,20,19,45,45.79140,15.96006,4.56,188.20,2470,99401,44157,581521,9088,3771,248.29,122444.64,648596717568,0
410480,2025,5,22,20,19,46,45.79140,15.96012,4.11,187.90,2468,99405,44327,582027,15401,3771,248.29,122444.64,648596717568,0
411490,2025,5,22,20,19,47,45.79140,15.96017,4.02,187.70,2464,99405,44467,585591,9372,3772,248.29,122444.64,648596717568,0
412480,2025,5,22,20,19,48,45.79144,15.96019,3.65,186.50,2463,99403,44688,581521,7218,3779,248.29,122444.64,648596717568,0
413490,2025,5,22,20,19,49,45.79147,15.96031,3.36,186.20,2461,99397,44908,581016,5253,3790,248.29,122444.64,648596717568,0
414510,2025,5,22,20,19,50,45.79148,15.96037,2.93,185.50,2461,99397,44908,581016,9405,3804,248.29,122444.64,648596717568,0
415530,2025,5,22,20,19,51,45.79149,15.96043,2.74,184.90,2460,99395,45131,584568,7302,3809,248.29,122444.64,648596717568,0
417490,2025,5,22,20,19,53,45.79147,15.96049,2.51,184.30,2454,99397,45260,583549,23349,3812,248.29,122444.64,648596717568,0
418490,2025,5,22,20,19,54,45.79145,15.96050,3.14,184.00,2452,99401,45396,586104,9431,3817,248.29,122444.64,648596717568,0
419480,2025,5,22,20,19,55,45.79143,15.96051,2.47,183.80,2449,99391,45580,586618,8078,3839,248.29,122444.64,648596717568,0
420500,2025,5,22,20,19,56,45.79142,15.96052,2.58,183.10,2446,99391,45714,590239,4909,3843,248.29,122444.64,648596717568,0
421490,2025,5,22,20,19,57,45.79144,15.96060,2.07,178.90,2446,99391,45714,590239,3876,3848,247.07,142143.88,731566080000,0
422490,2025,5,22,20,19,58,45.79140,15.96060,2.87,178.40,2442,99391,45773,589719,11298,3847,247.07,142143.88,731566080000,0
423490,2025,5,22,20,19,59,45.79132,15.96059,3.96,176.80,2433,99395,45898,592328,20195,3831,247.07,142143.88,731566080000,0
424490,2025,5,22,20,20,0,45.79127,15.96059,4.55,172.80,2429,99389,46003,594432,13684,3812,247.07,142143.88,731566080000,0
425500,2025,5,22,20,20,1,45.79122,15.96059,4.41,172.40,2424,99385,46105,597617,20354,3803,247.07,142143.88,731566080000,0
426500,2025,5,22,20,20,2,45.79117,15.96059,4.38,171.90,2420,99393,46234,592328,8590,3797,247.07,142143.88,731566080000,0
427490,2025,5,22,20,20,3,45.79112,15.96059,4.61,171.60,2420,99393,46234,592328,5474,3795,247.07,142143.88,731566080000,0
428490,2025,5,22,20,20,4,45.79107,15.96060,4.34,171.80,2417,99391,46414,597084,5347,3789,247.07,142143.88,731566080000,0
429490,2025,5,22,20,20,5,45.79102,15.96060,4.88,171.70,2412,99387,46542,596020,10439,3786,247.07,142143.88,731566080000,0
430490,2025,5,22,20,20,6,45.79097,15.96060,4.68,171.50,2406,99387,46700,595490,23165,3786,247.07,142143.88,731566080000,0
431500,2025,5,22,20,20,7,45.79094,15.96059,4.10,171.80,2400,99391,46856,599222,17882,3780,247.07,142143.88,731566080000,0
432490,2025,5,22,20,20,8,45.79089,15.96057,3.99,172.10,2396,99391,47035,597084,4932,3777,247.07,142143.88,731566080000,0
433490,2025,5,22,20,20,9,45.79085,15.96056,4.27,172.40,2396,99391,47035,597084,9799,3772,246.34,196738.52,746036011008,0
434490,2025,5,22,20,20,10,45.79081,15.96055,4.19,172.70,2393,99389,47208,596551,13508,3770,246.34,196738.52,746036011008,0
435500,2025,5,22,20,20,11,45.79076,15.96054,4.61,173.00,2389,99399,47357,598151,14634,3774,246.34,196738.52,746036011008,0
436490,2025,5,22,20,20,12,45.79071,15.96053,3.97,173.20,2385,99393,47444,601375,20762,3795,246.34,196738.52,746036011008,0
437500,2025,5,22,20,20,13,45.79067,15.96052,3.39,173.30,2383,99391,47483,597617,16427,3806,246.34,196738.52,746036011008,0
438490,2025,5,22,20,20,14,45.79064,15.96054,2.87,173.20,2382,99397,47475,598151,6007,3815,246.34,196738.52,746036011008,0
439530,2025,5,22,20,20,15,45.79062,15.96055,2.38,173.10,2382,99397,47455,594432,5094,3815,246.34,196738.52,746036011008,0
441500,2025,5,22,20,20,17,45.79058,15.96061,2.76,172.60,2382,99397,47455,594432,8859,3811,246.34,196738.52,746036011008,0
442490,2025,5,22,20,20,18,45.79056,15.96064,2.78,172.30,2380,99393,47437,592853,14085,3788,246.34,196738.52,746036011008,0
443490,2025,5,22,20,20,19,45.79056,15.96068,2.64,172.00,2381,99397,47455,592328,12657,3784,246.34,196738.52,746036011008,0
444490,2025,5,22,20,20,20,45.79056,15.96072,2.86,171.70,2380,99393,47511,589719,2130,3779,246.34,196738.52,746036011008,0
445490,2025,5,22,20,20,21,45.79056,15.96077,3.22,171.60,2375,99397,47656,591282,5381,3770,246.34,196738.52,746036011008,0
446480,2025,5,22,20,20,22,45.79056,15.96081,3.19,171.40,2376,99397,47812,589200,6607,3755,245.12,157427.89,638576566272,0
447490,2025,5,22,20,20,23,45.79059,15.96092,3.67,173.60,2376,99397,47812,589200,30496,3739,245.12,157427.89,638576566272,0
448480,2025,5,22,20,20,24,45.79059,15.96097,3.86,173.60,2371,99391,47891,591804,17347,3719,245.12,157427.89,638576566272,0
449490,2025,5,22,20,20,25,45.79060,15.96102,4.21,173.60,2369,99397,47971,591804,7170,3733,245.12,157427.89,638576566272,0
450480,2025,5,22,20,20,26,45.79060,15.96108,4.47,173.40,2365,99399,48026,595490,13510,3728,245.12,157427.89,638576566272,0
451480,2025,5,22,20,20,27,45.79061,15.96113,4.26,173.30,2366,99389,48106,595490,8715,3729,245.12,157427.89,638576566272,0
452490,2025,5,22,20,20,28,45.79061,15.96119,4.25,173.10,2365,99393,48150,596020,18633,3737,245.12,157427.89,638576566272,0
453480,2025,5,22,20,20,29,45.79061,15.96124,4.23,173.10,2365,99393,48150,596020,8940,3734,245.12,157427.89,638576566272,0
454490,2025,5,22,20,20,30,45.79062,15.96130,4.14,172.80,2362,99391,48180,594961,1617,3711,245.12,157427.89,638576566272,0
455490,2025,5,22,20,20,31,45.79061,15.96136,4.56,172.40,2362,99393,48216,600297,9764,4819,245.12,157427.89,638576566272,0
456500,2025,5,22,20,20,32,45.79060,15.96141,4.77,172.40,2361,99391,48216,599759,3524,4818,245.12,157427.89,638576566272,0
457500,2025,5,22,20,20,33,45.79058,15.96148,5.25,172.10,2360,99387,48216,600297,6471,4817,245.12,157427.89,638576566272,0
458510,2025,5,22,20,20,34,45.79058,15.96155,5.00,171.70,2358,99387,48082,603544,1815,4816,245.61,137888.88,683308556288,0
459520,2025,5,22,20,20,35,45.79058,15.96161,5.00,171.20,2358,99387,48082,603544,17272,3703,245.61,137888.88,683308556288,0
460510,2025,5,22,20,20,36,45.79058,15.96167,4.34,170.80,2357,99393,47944,607378,13780,3706,245.61,137888.88,683308556288,0
461500,2025,5,22,20,20,37,45.79058,15.96176,4.22,168.30,2356,99395,47754,606278,7233,3706,245.61,137888.88,683308556288,0
462540,2025,5,22,20,20,38,45.79058,15.96181,3.58,167.80,2357,99403,47626,611261,4518,3708,245.61,137888.88,683308556288,0
464490,2025,5,22,20,20,40,45.79058,15.96189,2.48,167.00,2360,99401,47483,610146,8123,3715,245.61,137888.88,683308556288,0
465500,2025,5,22,20,20,41,45.79058,15.96192,2.46,166.70,2359,99393,47415,606278,12078,3737,245.61,137888.88,683308556288,0
466500,2025,5,22,20,20,42,45.79059,15.96194,2.35,166.30,2359,99393,47415,606278,7365,3752,245.61,137888.88,683308556288,0
467480,2025,5,22,20,20,43,45.79061,15.96196,2.54,166.00,2361,99403,47355,606278,3032,4873,245.61,137888.88,683308556288,0
468500,2025,5,22,20,20,44,45.79063,15.96198,3.04,165.80,2360,99395,47331,609591,6940,4880,245.61,137888.88,683308556288,0
469500,2025,5,22,20,20,45,45.79065,15.96200,3.48,165.70,2362,99397,47269,609591,4997,4869,245.61,137888.88,683308556288,0
470480,2025,5,22,20,20,46,45.79067,15.96202,3.38,165.70,2361,99397,47196,614629,4585,4861,248.05,136269.94,716548147200,0
471480,2025,5,22,20,20,47,45.79071,15.96202,3.65,165.60,2363,99401,47120,613502,5675,3756,248.05,136269.94,716548147200,0
472490,2025,5,22,20,20,48,45.79073,15.96202,3.69,165.60,2363,99401,47120,613502,9252,3763,248.05,136269.94,716548147200,0
473490,2025,5,22,20,20,49,45.79076,15.96201,3.44,165.60,2360,99395,47050,613502,22678,3769,248.05,136269.94,716548147200,0
474490,2025,5,22,20,20,50,45.79078,15.96200,3.32,165.70,2358,99401,47166,612940,2646,3761,248.05,136269.94,716548147200,0
475480,2025,5,22,20,20,51,45.79081,15.96201,3.11,165.70,2356,99399,47418,610146,14990,3747,248.05,136269.94,716548147200,0
476480,2025,5,22,20,20,52,45.79083,15.96203,3.14,165.80,2353,99405,47622,610146,10993,3733,248.05,136269.94,716548147200,0
477500,2025,5,22,20,20,53,45.79084,15.96211,3.50,165.90,2352,99397,47858,609591,11622,3711,248.05,136269.94,716548147200,0
478490,2025,5,22,20,20,54,45.79089,15.96211,4.41,165.50,2352,99397,47858,609591,7243,3694,248.05,136269.94,716548147200,0
479500,2025,5,22,20,20,55,45.79093,15.96210,4.11,165.10,2351,99403,48046,611820,5880,3691,248.05,136269.94,716548147200,0
480500,2025,5,22,20,20,56,45.79096,15.96207,3.47,164.80,2349,99405,48267,609036,2029,3689,248.05,136269.94,716548147200,0
481500,2025,5,22,20,20,57,45.79098,15.96205,3.12,164.60,2348,99403,48447,606827,2762,3677,248.05,136269.94,716548147200,0
482480,2025,5,22,20,20,58,45.79102,15.96203,3.26,164.70,2346,99401,48599,616327,1996,3671,248.29,161272.16,680319131648,0
483490,2025,5,22,20,20,59,45.79104,15.96202,4.01,164.80,2345,99413,48760,611261,6228,3660,248.29,161272.16,680319131648,0
484510,2025,5,22,20,21,0,45.79108,15.96200,4.42,165.00,2345,99413,48760,611261,9106,3653,248.29,161272.16,680319131648,0
485500,2025,5,22,20,21,1,45.79111,15.96200,4.55,165.20,2342,99407,48838,613502,3482,3650,248.29,161272.16,680319131648,0
487490,2025,5,22,20,21,3,45.79119,15.96203,4.59,165.30,2339,99407,48942,610146,22728,3652,248.29,161272.16,680319131648,0
488490,2025,5,22,20,21,4,45.79122,15.96205,4.23,165.50,2339,99405,49010,613502,5523,3649,248.29,161272.16,680319131648,0
489480,2025,5,22,20,21,5,45.79125,15.96205,4.01,165.80,2335,99409,49064,620325,15209,3651,248.29,161272.16,680319131648,0
490490,2025,5,22,20,21,6,45.79128,15.96206,3.60,166.00,2332,99409,49075,618605,6743,3650,248.29,161272.16,680319131648,0
491490,2025,5,22,20,21,7,45.79131,15.96208,3.87,166.30,2332,99409,49075,618605,10502,4766,248.29,161272.16,680319131648,0
492500,2025,5,22,20,21,8,45.79135,15.96211,3.76,167.20,2332,99401,49057,621477,6587,4769,248.29,161272.16,680319131648,0
493500,2025,5,22,20,21,9,45.79138,15.96211,3.43,167.20,2332,99409,49100,620325,3676,4775,248.29,161272.16,680319131648,0
494490,2025,5,22,20,21,10,45.79142,15.96212,3.42,167.40,2332,99399,49150,620900,11975,4789,248.29,161272.16,680319131648,0
495490,2025,5,22,20,21,11,45.79145,15.96212,3.52,167.70,2331,99407,49319,619751,5989,3683,248.29,94897.57,713869107200,0
496500,2025,5,22,20,21,12,45.79148,15.96209,2.95,169.00,2333,99407,49434,615194,9730,3691,248.29,94897.57,713869107200,0
497500,2025,5,22,20,21,13,45.79150,15.96205,2.49,170.20,2333,99407,49434,615194,2559,3694,248.29,94897.57,713869107200,0
498500,2025,5,22,20,21,14,45.79151,15.96200,3.09,171.50,2332,99409,49476,621477,6371,3695,248.29,94897.57,713869107200,0
499490,2025,5,22,20,21,15,45.79152,15.96198,2.42,172.00,2328,99403,49430,622633,6334,3692,248.29,94897.57,713869107200,0
500490,2025,5,22,20,21,16,45.79153,15.96195,2.26,172.80,2327,99407,49406,627301,14921,3694,248.29,94897.57,713869107200,0
501490,2025,5,22,20,21,17,45.79155,15.96193,2.66,173.90,2326,99409,49312,626714,11980,3698,248.29,94897.57,713869107200,0
502500,2025,5,22,20,21,18,45.79157,15.96193,2.65,174.60,2325,99401,49262,623213,7298,3719,248.29,94897.57,713869107200,0
503480,2025,5,22,20,21,19,45.79159,15.96193,2.76,175.40,2325,99401,49262,623213,13992,3718,248.29,94897.57,713869107200,0
503480,2025,5,22,20,21,19,45.79159,15.96193,2.76,175.40,2323,99409,49266,624959,131079,3716,248.29,94897.57,713869107200,0
506230,2025,5,22,20,21,21,0.00000,0.00000,0.11,0.00,2319,99419,49261,626714,7524,3714,248.29,94897.57,713869107200,0
506800,2025,5,22,20,21,22,45.79173,15.96219,5.19,202.00,2320,99413,49280,626714,5369,3714,248.29,94897.57,713869107200,0
507580,2025,5,22,20,21,23,45.79181,15.96220,5.03,194.90,2320,99419,49261,627890,976,3705,246.09,48194.07,697068750848,0
509400,2025,5,22,20,21,25,45.79190,15.96215,4.50,190.00,2321,99411,49268,628480,32535,3709,246.09,48194.07,697068750848,0
510400,2025,5,22,20,21,26,45.79194,15.96218,4.27,186.70,2321,99411,49268,628480,8034,3703,246.09,48194.07,697068750848,0
511400,2025,5,22,20,21,27,45.79203,15.96206,3.61,184.20,2319,99409,49175,626128,8646,3688,246.09,48194.07,697068750848,0
512400,2025,5,22,20,21,28,45.79206,15.96197,3.72,182.00,2319,99409,49175,626128,7719,3689,246.09,48194.07,697068750848,0
513390,2025,5,22,20,21,29,45.79209,15.96190,3.04,180.10,2321,99411,48942,629070,3107,3678,246.09,48194.07,697068750848,0
514400,2025,5,22,20,21,30,45.79213,15.96182,3.92,178.60,2321,99409,48745,627890,4431,3677,246.09,48194.07,697068750848,0
515410,2025,5,22,20,21,31,45.79216,15.96175,5.23,177.30,2320,99411,48542,630255,3954,3682,246.09,48194.07,697068750848,0
516420,2025,5,22,20,21,32,45.79216,15.96169,5.36,177.20,2318,99413,48339,631444,9074,3686,246.09,48194.07,697068750848,0
517420,2025,5,22,20,21,33,45.79217,15.96160,5.05,176.30,2319,99417,48138,633836,2697,3691,246.09,48194.07,697068750848,0
518420,2025,5,22,20,21,34,45.79217,15.96153,4.51,175.60,2319,99417,48138,633836,3656,3694,246.09,48194.07,697068750848,0
519410,2025,5,22,20,21,35,45.79218,15.96147,4.36,175.10,2321,99413,47973,638065,1894,3700,3.42,69720.93,652904499200,0
520430,2025,5,22,20,21,36,45.79219,15.96142,3.78,174.70,2321,99413,47821,641121,9190,3712,3.42,69720.93,652904499200,0
521480,2025,5,22,20,21,37,45.79222,15.96139,4.27,174.30,2320,99419,47789,640508,59,3705,3.42,69720.93,652904499200,0
522430,2025,5,22,20,21,38,45.79226,15.96138,4.91,174.10,2320,99411,47741,638065,62,3703,3.42,69720.93,652904499200,0
523430,2025,5,22,20,21,39,45.79231,15.96137,5.18,173.90,2319,99417,47752,639284,52,3703,3.42,69720.93,652904499200,0
525420,2025,5,22,20,21,41,45.79240,15.96135,4.88,173.60,2319,99417,47752,639284,74,3709,3.42,69720.93,652904499200,0
526420,2025,5,22,20,21,42,45.79244,15.96134,4.86,173.50,2320,99417,47765,639284,43,3710,3.42,69720.93,652904499200,0
527420,2025,5,22,20,21,43,45.79248,15.96132,4.37,173.60,2319,99411,47782,641121,394,3719,3.42,69720.93,652904499200,0
528430,2025,5,22,20,21,44,45.79250,15.96130,3.30,173.70,2321,99409,47803,635039,27,3720,3.42,69720.93,652904499200,0
529420,2025,5,22,20,21,45,45.79253,15.96128,3.28,173.80,2322,99397,47797,631444,68,3715,3.42,69720.93,652904499200,0
530430,2025,5,22,20,21,46,45.79255,15.96125,2.52,173.90,2325,99403,47833,628480,542,3700,3.42,69720.93,652904499200,0
531420,2025,5,22,20,21,47,45.79255,15.96121,2.49,174.10,2325,99401,47913,629662,72,3690,3.42,69720.93,652904499200,0
532420,2025,5,22,20,21,48,45.79255,15.96117,2.69,174.20,2325,99401,47913,629662,32,3680,245.36,72667.70,677038333952,0
533420,2025,5,22,20,21,49,45.79255,15.96114,2.09,174.30,2328,99399,48140,624959,52,3681,245.36,72667.70,677038333952,0
534420,2025,5,22,20,21,50,45.79255,15.96111,2.51,174.50,2330,99407,48330,627301,66,3684,245.36,72667.70,677038333952,0
535420,2025,5,22,20,21,51,45.79255,15.96107,3.40,174.60,2328,99407,48507,622633,619,3681,245.36,72667.70,677038333952,0
536420,2025,5,22,20,21,52,45.79255,15.96103,3.21,174.80,2326,99405,48679,627301,440,3681,245.36,72667.70,677038333952,0
537420,2025,5,22,20,21,53,45.79255,15.96098,3.07,174.90,2324,99405,48803,625543,203,3685,245.36,72667.70,677038333952,0
538440,2025,5,22,20,21,54,45.79255,15.96095,2.96,175.00,2324,99405,48803,625543,53,3679,245.36,72667.70,677038333952,0
539430,2025,5,22,20,21,55,45.79255,15.96091,2.73,175.20,2325,99403,48942,629662,42,3687,245.36,72667.70,677038333952,0
540430,2025,5,22,20,21,56,45.79258,15.96084,2.30,175.00,2325,99401,48986,629070,59490,3682,245.36,72667.70,677038333952,0
541430,2025,5,22,20,21,57,45.79259,15.96081,2.56,175.00,2326,99401,48986,630849,37,3672,245.36,72667.70,677038333952,0
542450,2025,5,22,20,21,58,45.79259,15.96077,3.23,175.00,2323,99403,49006,632638,1107,3671,245.36,72667.70,677038333952,0
543440,2025,5,22,20,21,59,45.79259,15.96073,3.80,175.00,2323,99403,49056,635039,3176,3667,245.36,72667.70,677038333952,0
544450,2025,5,22,20,22,0,45.79259,15.96068,3.60,175.00,2323,99403,49056,635039,12026,3662,1.46,100975.93,737616863232,0
546430,2025,5,22,20,22,2,45.79261,15.96060,2.82,175.10,2324,99393,49111,632638,12536,3640,1.46,100975.93,737616863232,0
547420,2025,5,22,20,22,3,45.79261,15.96056,3.08,175.20,2322,99401,49175,635642,8756,3617,1.46,100975.93,737616863232,0
548430,2025,5,22,20,22,4,45.79261,15.96053,2.84,175.00,2323,99397,49254,635642,4420,3597,1.46,100975.93,737616863232,0
549430,2025,5,22,20,22,5,45.79262,15.96049,2.83,175.10,2324,99403,49346,635642,12930,3555,1.46,100975.93,737616863232,0
550430,2025,5,22,20,22,6,45.79262,15.96046,2.53,175.10,2326,99403,49466,626128,10778,3530,1.46,100975.93,737616863232,0
551430,2025,5,22,20,22,7,45.79263,15.96042,2.81,175.00,2324,99403,49617,626714,9426,4650,1.46,100975.93,737616863232,0
552430,2025,5,22,20,22,8,45.79269,15.96038,3.62,174.90,2324,99403,49617,626714,11999,4646,1.46,100975.93,737616863232,0
553440,2025,5,22,20,22,9,45.79269,15.96033,4.11,174.90,2324,99409,49697,605181,10344,4639,1.46,100975.93,737616863232,0
554430,2025,5,22,20,22,10,45.79271,15.96028,4.34,174.70,2325,99403,49546,618034,19685,4668,1.46,100975.93,737616863232,0
555440,2025,5,22,20,22,11,45.79272,15.96023,3.19,174.60,2327,99401,49244,627301,1177,3554,1.46,100975.93,737616863232,0
556440,2025,5,22,20,22,12,45.79273,15.96019,3.52,174.60,2326,99407,48998,632638,2147,3571,1.46,100975.93,737616863232,0
557440,2025,5,22,20,22,13,45.79273,15.96014,4.07,174.70,2326,99395,48837,635039,3942,3586,1.71,155974.44,693747763200,0
558440,2025,5,22,20,22,14,45.79271,15.96009,4.10,174.70,2326,99395,48837,635039,3833,3584,1.71,155974.44,693747763200,0
559430,2025,5,22,20,22,15,45.79270,15.96004,4.01,175.10,2325,99403,48765,639284,12770,3547,1.71,155974.44,693747763200,0
560440,2025,5,22,20,22,16,45.79270,15.95999,4.34,174.90,2323,99397,48687,639895,11657,3517,1.71,155974.44,693747763200,0
561430,2025,5,22,20,22,17,45.79270,15.95993,4.43,174.80,2323,99401,48687,641121,8174,3467,1.71,155974.44,693747763200,0
562450,2025,5,22,20,22,18,45.79270,15.95987,4.46,174.60,2323,99397,48749,644207,10951,3442,1.71,155974.44,693747763200,0
563450,2025,5,22,20,22,19,45.79270,15.95981,4.57,174.50,2322,99397,48777,639284,14984,3427,1.71,155974.44,693747763200,0
564450,2025,5,22,20,22,20,45.79271,15.95975,4.58,174.40,2322,99397,48777,639284,7208,3430,1.71,155974.44,693747763200,0
565450,2025,5,22,20,22,21,45.79271,15.95969,4.57,174.30,2322,99395,48751,644827,5681,3430,1.71,155974.44,693747763200,0
567430,2025,5,22,20,22,23,45.79271,15.95958,4.41,174.20,2320,99395,48714,646696,31470,3427,1.71,155974.44,693747763200,0
568490,2025,5,22,20,22,24,45.79270,15.95952,4.61,174.30,2319,99397,48658,646696,1537,3424,1.71,155974.44,693747763200,0
569500,2025,5,22,20,22,25,45.79269,15.95946,4.44,174.40,2319,99397,48559,649836,2979,3417,1.71,155974.44,693747763200,0
570490,2025,5,22,20,22,26,45.79268,15.95941,4.61,174.50,2319,99395,48425,651734,6078,3399,246.34,143474.19,650712320000,0
571510,2025,5,22,20,22,27,45.79268,15.95935,4.63,174.90,2319,99395,48425,651734,17300,3421,246.34,143474.19,650712320000,0
572500,2025,5,22,20,22,28,45.79269,15.95929,4.54,175.00,2318,99393,48339,652369,8820,3451,246.34,143474.19,650712320000,0
573490,2025,5,22,20,22,29,45.79270,15.95924,4.22,175.10,2316,99395,48336,649205,6238,3461,246.34,143474.19,650712320000,0
573490,2025,5,22,20,22,29,45.79270,15.95924,4.22,175.10,2316,99397,48447,646072,13988,3465,246.34,143474.19,650712320000,0
575800,2025,5,22,20,22,31,0.00000,0.00000,23.09,0.00,2316,99391,48495,642352,6950,3438,246.34,143474.19,650712320000,0
576450,2025,5,22,20,22,31,0.00000,0.00000,22.58,0.00,2317,99399,48483,647948,17477,3388,246.34,143474.19,650712320000,0
577400,2025,5,22,20,22,33,45.79275,15.95900,20.79,174.40,2317,99397,48416,648576,13684,3344,246.34,143474.19,650712320000,0
578400,2025,5,22,20,22,34,45.79277,15.95895,19.25,175.00,2317,99397,48416,648576,7220,3316,246.34,143474.19,650712320000,0
579400,2025,5,22,20,22,35,45.79275,15.95889,18.20,174.60,2321,99405,48354,649836,9139,3296,246.34,143474.19,650712320000,0
580400,2025,5,22,20,22,36,45.79278,15.95882,16.88,174.40,2322,99397,48279,646696,9898,3282,246.34,143474.19,650712320000,0
581400,2025,5,22,20,22,37,45.79284,15.95876,16.01,174.20,2323,99397,48368,646696,5169,3272,245.61,264082.25,644593829888,0
582340,2025,5,22,20,22,38,0.00000,0.00000,13.90,0.00,2323,99403,48448,644827,11892,3260,245.61,264082.25,644593829888,0
583440,2025,5,22,20,22,39,45.79259,15.95884,13.89,174.80,2321,99403,48500,644207,13805,3251,245.61,264082.25,644593829888,0
584450,2025,5,22,20,22,40,45.79261,15.95878,13.75,174.70,2321,99403,48500,644207,15986,3237,245.61,264082.25,644593829888,0
585450,2025,5,22,20,22,41,45.79265,15.95873,13.48,174.50,2323,99397,48614,645449,10211,3238,245.61,264082.25,644593829888,0
586450,2025,5,22,20,22,42,45.79265,15.95868,12.71,174.30,2322,99397,48660,647322,3294,3230,245.61,264082.25,644593829888,0
588390,2025,5,22,20,22,44,45.79271,15.95859,11.09,174.00,2321,99401,48721,646072,10226,3221,245.61,264082.25,644593829888,0
589390,2025,5,22,20,22,45,45.79276,15.95853,10.56,173.80,2322,99403,48751,647948,9540,3213,245.61,264082.25,644593829888,0
590390,2025,5,22,20,22,46,45.79265,15.95851,7.94,173.70,2322,99401,48795,650467,24219,3205,245.61,264082.25,644593829888,0
591400,2025,5,22,20,22,47,45.79259,15.95850,6.39,173.50,2322,99401,48795,650467,21059,3198,245.61,264082.25,644593829888,0
592400,2025,5,22,20,22,48,45.79247,15.95855,4.43,173.40,2323,99401,48743,648576,17232,3196,245.61,264082.25,644593829888,0
593400,2025,5,22,20,22,49,45.79243,15.95855,3.69,173.30,2324,99401,48656,646072,3256,4355,245.61,264082.25,644593829888,0
594400,2025,5,22,20,22,50,45.79232,15.95865,2.64,173.50,2325,99397,48655,646696,5654,4345,245.85,166712.34,651734878208,0
595400,2025,5,22,20,22,51,45.79228,15.95867,2.61,173.30,2325,99393,48655,646072,19097,4338,245.85,166712.34,651734878208,0
596410,2025,5,22,20,22,52,45.79223,15.95867,3.35,173.20,2325,99397,48733,645449,14531,4351,245.85,166712.34,651734878208,0
597390,2025,5,22,20,22,53,45.79219,15.95867,2.73,173.20,2327,99395,48802,647948,13452,3217,245.85,166712.34,651734878208,0
598400,2025,5,22,20,22,54,45.79219,15.95869,1.30,173.20,2327,99395,48802,647948,15041,3211,245.85,166712.34,651734878208,0
599410,2025,5,22,20,22,55,45.79219,15.95872,0.03,173.40,2329,99401,48808,646696,16671,3227,245.85,166712.34,651734878208,0
599410,2025,5,22,20,22,55,45.79219,15.95872,0.03,173.40,2330,99395,48747,647948,13951,3218,245.85,166712.34,651734878208,0
599410,2025,5,22,20,22,55,45.79219,15.95872,0.03,173.40,2331,99391,48637,643587,1043309,3196,245.85,166712.34,651734878208,0
603110,2025,5,22,20,22,58,0.00000,0.00000,0.80,0.00,2332,99395,48579,649836,21538,3159,245.85,166712.34,651734878208,0
603740,2025,5,22,20,22,58,0.00000,0.00000,0.68,0.00,2333,99401,48475,647948,17821,3183,245.85,166712.34,651734878208,0
604440,2025,5,22,20,23,0,45.79221,15.95859,0.50,173.40,2333,99401,48475,647948,20967,3234,245.85,166712.34,651734878208,0
605430,2025,5,22,20,23,1,45.79219,15.95864,0.34,173.40,2336,99397,48337,646072,1885,3249,245.85,166712.34,651734878208,0
606440,2025,5,22,20,23,2,45.79219,15.95867,0.32,173.50,2336,99401,48185,653006,2849,3242,246.34,157482.64,668426969088,0
608390,2025,5,22,20,23,4,45.79221,15.95866,0.48,173.50,2339,99401,47991,646072,17932,3216,246.34,157482.64,668426969088,0
609390,2025,5,22,20,23,5,45.79223,15.95864,0.58,173.50,2340,99397,47882,645449,23456,3149,246.34,157482.64,668426969088,0
610390,2025,5,22,20,23,6,45.79224,15.95863,0.69,173.60,2340,99395,47784,645449,11135,3043,246.34,157482.64,668426969088,0
611380,2025,5,22,20,23,7,45.79225,15.95863,0.71,173.60,2340,99395,47784,645449,14174,2986,246.34,157482.64,668426969088,0
612390,2025,5,22,20,23,8,45.79226,15.95862,0.79,173.60,2341,99395,47668,644207,3855,2944,246.34,157482.64,668426969088,0
613400,2025,5,22,20,23,9,45.79227,15.95863,0.73,173.60,2344,99391,47604,642969,12790,2941,246.34,157482.64,668426969088,0
614400,2025,5,22,20,23,10,45.79227,15.95862,0.46,173.60,2348,99399,47578,635642,6791,2933,246.34,157482.64,668426969088,0
615400,2025,5,22,20,23,11,45.79227,15.95862,0.28,173.60,2351,99395,47587,641736,19054,2930,246.34,157482.64,668426969088,0
616390,2025,5,22,20,23,12,45.79227,15.95863,0.25,173.60,2354,99395,47602,644827,10069,2884,246.34,157482.64,668426969088,0
617390,2025,5,22,20,23,13,45.79228,15.95863,0.52,173.60,2356,99393,47582,642352,7847,2876,246.34,157482.64,668426969088,0
618400,2025,5,22,20,23,14,45.79228,15.95864,0.56,173.60,2356,99393,47582,642352,4015,2838,246.34,157482.64,668426969088,0
619390,2025,5,22,20,23,15,45.79229,15.95864,0.58,173.60,2358,99395,47532,646072,1633,2775,248.05,191484.62,679125196800,0
620400,2025,5,22,20,23,16,45.79229,15.95865,0.55,173.60,2360,99393,47459,645449,11787,2743,248.05,191484.62,679125196800,0
621400,2025,5,22,20,23,17,45.79229,15.95865,0.43,173.60,2362,99393,47397,639284,10554,2779,248.05,191484.62,679125196800,0
622390,2025,5,22,20,23,18,45.79229,15.95866,0.43,173.60,2365,99393,47337,646696,12302,2781,248.05,191484.62,679125196800,0
623390,2025,5,22,20,23,19,45.79230,15.95866,0.43,173.60,2369,99393,47281,644207,3864,2809,248.05,191484.62,679125196800,0
624470,2025,5,22,20,23,20,45.79230,15.95865,0.37,173.60,2369,99393,47281,644207,10452,4068,248.05,191484.62,679125196800,0
625400,2025,5,22,20,23,21,45.79231,15.95865,0.31,173.60,2373,99397,47223,641121,10295,4067,248.05,191484.62,679125196800,0
626450,2025,5,22,20,23,22,45.79231,15.95865,0.21,173.60,2375,99397,47176,641121,5919,4040,248.05,191484.62,679125196800,0
627450,2025,5,22,20,23,23,45.79231,15.95865,0.17,173.60,2378,99395,47144,639895,13347,4012,248.05,191484.62,679125196800,0
629400,2025,5,22,20,23,25,45.79232,15.95864,0.15,173.60,2379,99395,47132,632638,24270,2801,248.05,191484.62,679125196800,0
630400,2025,5,22,20,23,26,45.79232,15.95864,0.09,173.60,2381,99395,47170,626128,3015,2791,248.05,191484.62,679125196800,0
631400,2025,5,22,20,23,27,45.79232,15.95864,0.15,173.70,2381,99395,47170,626128,1082,2784,248.78,147992.70,691111731200,0
632400,2025,5,22,20,23,28,45.79232,15.95863,0.13,173.60,2383,99393,47306,625543,10903,2789,248.78,147992.70,691111731200,0
633400,2025,5,22,20,23,29,45.79232,15.95863,0.00,173.60,2384,99395,47403,619751,4183,2778,248.78,147992.70,691111731200,0
634410,2025,5,22,20,23,30,45.79232,15.95863,0.00,173.60,2385,99395,47438,623213,9586,2737,248.78,147992.70,691111731200,0
635410,2025,5,22,20,23,31,45.79232,15.95862,0.00,173.60,2391,99399,47460,620325,19994,2725,248.78,147992.70,691111731200,0
636410,2025,5,22,20,23,32,45.79232,15.95862,0.00,173.60,2392,99405,47458,623213,14262,2696,248.78,147992.70,691111731200,0
637400,2025,5,22,20,23,33,45.79232,15.95862,0.00,173.60,2392,99405,47458,623213,10885,2666,248.78,147992.70,691111731200,0
638400,2025,5,22,20,23,34,45.79232,15.95862,0.00,173.60,2394,99399,47443,620900,12495,2654,248.78,147992.70,691111731200,0
639410,2025,5,22,20,23,35,45.79232,15.95862,0.00,173.60,2397,99393,47431,619751,16144,2649,248.78,147992.70,691111731200,0
640400,2025,5,22,20,23,36,45.79232,15.95862,0.00,173.60,2400,99397,47436,617464,8757,2633,248.78,147992.70,691111731200,0
641420,2025,5,22,20,23,37,45.79232,15.95862,0.00,173.60,2402,99403,47436,613502,24020,2625,248.78,147992.70,691111731200,0
642420,2025,5,22,20,23,38,45.79232,15.95862,0.00,173.60,2404,99399,47518,615760,4718,2622,248.78,147992.70,691111731200,0
